"latitude" "regular" "reduced"
-89.892396 2560 18
-89.753005 2560 25
-89.61279 2560 32
-89.47239 2560 40
-89.331918 2560 45
-89.191413 2560 50
-89.050889 2560 60
-88.910352 2560 60
-88.769808 2560 72
-88.629259 2560 72
-88.488706 2560 75
-88.34815 2560 81
-88.207592 2560 90
-88.067032 2560 90
-87.926471 2560 96
-87.785908 2560 100
-87.645345 2560 108
-87.504781 2560 120
-87.364216 2560 120
-87.223651 2560 125
-87.083085 2560 135
-86.942519 2560 144
-86.801952 2560 150
-86.661385 2560 160
-86.520818 2560 160
-86.380251 2560 180
-86.239684 2560 180
-86.099116 2560 180
-85.958548 2560 192
-85.81798 2560 192
-85.677412 2560 200
-85.536844 2560 216
-85.396275 2560 216
-85.255707 2560 216
-85.115138 2560 225
-84.97457 2560 240
-84.834001 2560 240
-84.693432 2560 243
-84.552863 2560 250
-84.412294 2560 256
-84.271725 2560 270
-84.131156 2560 270
-83.990587 2560 288
-83.850018 2560 288
-83.709449 2560 288
-83.56888 2560 300
-83.42831 2560 300
-83.287741 2560 320
-83.147172 2560 320
-83.006602 2560 320
-82.866033 2560 360
-82.725464 2560 360
-82.584894 2560 360
-82.444325 2560 360
-82.303755 2560 360
-82.163186 2560 360
-82.022616 2560 375
-81.882047 2560 375
-81.741477 2560 384
-81.600908 2560 384
-81.460338 2560 400
-81.319768 2560 400
-81.179199 2560 400
-81.038629 2560 432
-80.898059 2560 432
-80.75749 2560 432
-80.61692 2560 432
-80.47635 2560 450
-80.335781 2560 450
-80.195211 2560 450
-80.054641 2560 480
-79.914072 2560 480
-79.773502 2560 480
-79.632932 2560 480
-79.492362 2560 480
-79.351792 2560 486
-79.211223 2560 500
-79.070653 2560 500
-78.930083 2560 512
-78.789513 2560 512
-78.648943 2560 540
-78.508374 2560 540
-78.367804 2560 540
-78.227234 2560 540
-78.086664 2560 540
-77.946094 2560 576
-77.805524 2560 576
-77.664955 2560 576
-77.524385 2560 576
-77.383815 2560 576
-77.243245 2560 600
-77.102675 2560 600
-76.962105 2560 600
-76.821535 2560 600
-76.680966 2560 640
-76.540396 2560 640
-76.399826 2560 640
-76.259256 2560 640
-76.118686 2560 640
-75.978116 2560 640
-75.837546 2560 640
-75.696976 2560 648
-75.556406 2560 675
-75.415836 2560 675
-75.275266 2560 675
-75.134697 2560 675
-74.994127 2560 720
-74.853557 2560 720
-74.712987 2560 720
-74.572417 2560 720
-74.431847 2560 720
-74.291277 2560 720
-74.150707 2560 720
-74.010137 2560 720
-73.869567 2560 729
-73.728997 2560 750
-73.588427 2560 750
-73.447857 2560 750
-73.307287 2560 750
-73.166717 2560 768
-73.026147 2560 768
-72.885577 2560 768
-72.745007 2560 800
-72.604437 2560 800
-72.463867 2560 800
-72.323298 2560 800
-72.182728 2560 800
-72.042158 2560 810
-71.901588 2560 810
-71.761018 2560 864
-71.620448 2560 864
-71.479878 2560 864
-71.339308 2560 864
-71.198738 2560 864
-71.058168 2560 864
-70.917598 2560 864
-70.777028 2560 864
-70.636458 2560 900
-70.495888 2560 900
-70.355318 2560 900
-70.214748 2560 900
-70.074178 2560 900
-69.933608 2560 900
-69.793038 2560 960
-69.652468 2560 960
-69.511898 2560 960
-69.371328 2560 960
-69.230758 2560 960
-69.090188 2560 960
-68.949618 2560 960
-68.809048 2560 960
-68.668478 2560 960
-68.527908 2560 960
-68.387338 2560 960
-68.246768 2560 972
-68.106198 2560 972
-67.965628 2560 1000
-67.825058 2560 1000
-67.684488 2560 1000
-67.543918 2560 1000
-67.403348 2560 1000
-67.262778 2560 1024
-67.122208 2560 1024
-66.981638 2560 1024
-66.841067 2560 1024
-66.700497 2560 1080
-66.559927 2560 1080
-66.419357 2560 1080
-66.278787 2560 1080
-66.138217 2560 1080
-65.997647 2560 1080
-65.857077 2560 1080
-65.716507 2560 1080
-65.575937 2560 1080
-65.435367 2560 1125
-65.294797 2560 1125
-65.154227 2560 1125
-65.013657 2560 1125
-64.873087 2560 1125
-64.732517 2560 1125
-64.591947 2560 1125
-64.451377 2560 1125
-64.310807 2560 1152
-64.170237 2560 1152
-64.029667 2560 1152
-63.889097 2560 1152
-63.748527 2560 1152
-63.607957 2560 1200
-63.467387 2560 1200
-63.326817 2560 1200
-63.186247 2560 1200
-63.045677 2560 1200
-62.905107 2560 1200
-62.764537 2560 1200
-62.623967 2560 1200
-62.483397 2560 1215
-62.342826 2560 1215
-62.202256 2560 1215
-62.061686 2560 1280
-61.921116 2560 1280
-61.780546 2560 1280
-61.639976 2560 1280
-61.499406 2560 1280
-61.358836 2560 1280
-61.218266 2560 1280
-61.077696 2560 1280
-60.937126 2560 1280
-60.796556 2560 1280
-60.655986 2560 1280
-60.515416 2560 1280
-60.374846 2560 1296
-60.234276 2560 1296
-60.093706 2560 1350
-59.953136 2560 1350
-59.812566 2560 1350
-59.671996 2560 1350
-59.531426 2560 1350
-59.390856 2560 1350
-59.250286 2560 1350
-59.109715 2560 1350
-58.969145 2560 1350
-58.828575 2560 1350
-58.688005 2560 1440
-58.547435 2560 1440
-58.406865 2560 1440
-58.266295 2560 1440
-58.125725 2560 1440
-57.985155 2560 1440
-57.844585 2560 1440
-57.704015 2560 1440
-57.563445 2560 1440
-57.422875 2560 1440
-57.282305 2560 1440
-57.141735 2560 1440
-57.001165 2560 1440
-56.860595 2560 1440
-56.720025 2560 1440
-56.579455 2560 1440
-56.438884 2560 1440
-56.298314 2560 1458
-56.157744 2560 1458
-56.017174 2560 1458
-55.876604 2560 1458
-55.736034 2560 1500
-55.595464 2560 1500
-55.454894 2560 1500
-55.314324 2560 1500
-55.173754 2560 1500
-55.033184 2560 1500
-54.892614 2560 1500
-54.752044 2560 1500
-54.611474 2560 1536
-54.470904 2560 1536
-54.330334 2560 1536
-54.189764 2560 1536
-54.049194 2560 1536
-53.908623 2560 1536
-53.768053 2560 1536
-53.627483 2560 1600
-53.486913 2560 1600
-53.346343 2560 1600
-53.205773 2560 1600
-53.065203 2560 1600
-52.924633 2560 1600
-52.784063 2560 1600
-52.643493 2560 1600
-52.502923 2560 1600
-52.362353 2560 1600
-52.221783 2560 1600
-52.081213 2560 1600
-51.940643 2560 1600
-51.800073 2560 1620
-51.659502 2560 1620
-51.518932 2560 1620
-51.378362 2560 1728
-51.237792 2560 1728
-51.097222 2560 1728
-50.956652 2560 1728
-50.816082 2560 1728
-50.675512 2560 1728
-50.534942 2560 1728
-50.394372 2560 1728
-50.253802 2560 1728
-50.113232 2560 1728
-49.972662 2560 1728
-49.832092 2560 1728
-49.691522 2560 1728
-49.550952 2560 1728
-49.410381 2560 1728
-49.269811 2560 1728
-49.129241 2560 1728
-48.988671 2560 1728
-48.848101 2560 1728
-48.707531 2560 1728
-48.566961 2560 1728
-48.426391 2560 1728
-48.285821 2560 1728
-48.145251 2560 1800
-48.004681 2560 1800
-47.864111 2560 1800
-47.723541 2560 1800
-47.582971 2560 1800
-47.442401 2560 1800
-47.30183 2560 1800
-47.16126 2560 1800
-47.02069 2560 1800
-46.88012 2560 1800
-46.73955 2560 1800
-46.59898 2560 1800
-46.45841 2560 1800
-46.31784 2560 1800
-46.17727 2560 1800
-46.0367 2560 1875
-45.89613 2560 1875
-45.75556 2560 1875
-45.61499 2560 1875
-45.47442 2560 1875
-45.33385 2560 1875
-45.193279 2560 1875
-45.052709 2560 1875
-44.912139 2560 1875
-44.771569 2560 1875
-44.630999 2560 1875
-44.490429 2560 1875
-44.349859 2560 1875
-44.209289 2560 1875
-44.068719 2560 1875
-43.928149 2560 1875
-43.787579 2560 1875
-43.647009 2560 1920
-43.506439 2560 1920
-43.365869 2560 1920
-43.225299 2560 1920
-43.084728 2560 1920
-42.944158 2560 1920
-42.803588 2560 1920
-42.663018 2560 1920
-42.522448 2560 1920
-42.381878 2560 1920
-42.241308 2560 1920
-42.100738 2560 1944
-41.960168 2560 1944
-41.819598 2560 1944
-41.679028 2560 1944
-41.538458 2560 1944
-41.397888 2560 2000
-41.257318 2560 2000
-41.116747 2560 2000
-40.976177 2560 2000
-40.835607 2560 2000
-40.695037 2560 2000
-40.554467 2560 2000
-40.413897 2560 2000
-40.273327 2560 2000
-40.132757 2560 2000
-39.992187 2560 2000
-39.851617 2560 2000
-39.711047 2560 2000
-39.570477 2560 2000
-39.429907 2560 2025
-39.289337 2560 2025
-39.148766 2560 2025
-39.008196 2560 2025
-38.867626 2560 2025
-38.727056 2560 2025
-38.586486 2560 2048
-38.445916 2560 2048
-38.305346 2560 2048
-38.164776 2560 2048
-38.024206 2560 2048
-37.883636 2560 2048
-37.743066 2560 2048
-37.602496 2560 2160
-37.461926 2560 2160
-37.321356 2560 2160
-37.180785 2560 2160
-37.040215 2560 2160
-36.899645 2560 2160
-36.759075 2560 2160
-36.618505 2560 2160
-36.477935 2560 2160
-36.337365 2560 2160
-36.196795 2560 2160
-36.056225 2560 2160
-35.915655 2560 2160
-35.775085 2560 2160
-35.634515 2560 2160
-35.493945 2560 2160
-35.353374 2560 2160
-35.212804 2560 2160
-35.072234 2560 2160
-34.931664 2560 2160
-34.791094 2560 2160
-34.650524 2560 2160
-34.509954 2560 2160
-34.369384 2560 2160
-34.228814 2560 2160
-34.088244 2560 2160
-33.947674 2560 2160
-33.807104 2560 2160
-33.666534 2560 2160
-33.525964 2560 2160
-33.385393 2560 2187
-33.244823 2560 2187
-33.104253 2560 2187
-32.963683 2560 2187
-32.823113 2560 2187
-32.682543 2560 2187
-32.541973 2560 2187
-32.401403 2560 2187
-32.260833 2560 2250
-32.120263 2560 2250
-31.979693 2560 2250
-31.839123 2560 2250
-31.698553 2560 2250
-31.557982 2560 2250
-31.417412 2560 2250
-31.276842 2560 2250
-31.136272 2560 2250
-30.995702 2560 2250
-30.855132 2560 2250
-30.714562 2560 2250
-30.573992 2560 2250
-30.433422 2560 2250
-30.292852 2560 2250
-30.152282 2560 2250
-30.011712 2560 2250
-29.871142 2560 2250
-29.730572 2560 2250
-29.590001 2560 2250
-29.449431 2560 2304
-29.308861 2560 2304
-29.168291 2560 2304
-29.027721 2560 2304
-28.887151 2560 2304
-28.746581 2560 2304
-28.606011 2560 2304
-28.465441 2560 2304
-28.324871 2560 2304
-28.184301 2560 2304
-28.043731 2560 2304
-27.903161 2560 2304
-27.76259 2560 2304
-27.62202 2560 2304
-27.48145 2560 2304
-27.34088 2560 2304
-27.20031 2560 2304
-27.05974 2560 2304
-26.91917 2560 2400
-26.7786 2560 2400
-26.63803 2560 2400
-26.49746 2560 2400
-26.35689 2560 2400
-26.21632 2560 2400
-26.07575 2560 2400
-25.935179 2560 2400
-25.794609 2560 2400
-25.654039 2560 2400
-25.513469 2560 2400
-25.372899 2560 2400
-25.232329 2560 2400
-25.091759 2560 2400
-24.951189 2560 2400
-24.810619 2560 2400
-24.670049 2560 2400
-24.529479 2560 2400
-24.388909 2560 2400
-24.248339 2560 2400
-24.107768 2560 2400
-23.967198 2560 2400
-23.826628 2560 2400
-23.686058 2560 2400
-23.545488 2560 2400
-23.404918 2560 2400
-23.264348 2560 2400
-23.123778 2560 2400
-22.983208 2560 2400
-22.842638 2560 2400
-22.702068 2560 2400
-22.561498 2560 2400
-22.420928 2560 2400
-22.280357 2560 2400
-22.139787 2560 2400
-21.999217 2560 2400
-21.858647 2560 2400
-21.718077 2560 2430
-21.577507 2560 2430
-21.436937 2560 2430
-21.296367 2560 2430
-21.155797 2560 2430
-21.015227 2560 2430
-20.874657 2560 2430
-20.734087 2560 2430
-20.593517 2560 2430
-20.452946 2560 2430
-20.312376 2560 2430
-20.171806 2560 2430
-20.031236 2560 2430
-19.890666 2560 2430
-19.750096 2560 2500
-19.609526 2560 2500
-19.468956 2560 2500
-19.328386 2560 2500
-19.187816 2560 2500
-19.047246 2560 2500
-18.906676 2560 2500
-18.766106 2560 2500
-18.625535 2560 2500
-18.484965 2560 2500
-18.344395 2560 2500
-18.203825 2560 2500
-18.063255 2560 2500
-17.922685 2560 2500
-17.782115 2560 2500
-17.641545 2560 2500
-17.500975 2560 2500
-17.360405 2560 2500
-17.219835 2560 2500
-17.079265 2560 2500
-16.938694 2560 2500
-16.798124 2560 2500
-16.657554 2560 2500
-16.516984 2560 2500
-16.376414 2560 2500
-16.235844 2560 2500
-16.095274 2560 2500
-15.954704 2560 2500
-15.814134 2560 2500
-15.673564 2560 2500
-15.532994 2560 2500
-15.392424 2560 2500
-15.251854 2560 2500
-15.111283 2560 2500
-14.970713 2560 2500
-14.830143 2560 2500
-14.689573 2560 2500
-14.549003 2560 2500
-14.408433 2560 2500
-14.267863 2560 2500
-14.127293 2560 2500
-13.986723 2560 2560
-13.846153 2560 2560
-13.705583 2560 2560
-13.565013 2560 2560
-13.424443 2560 2560
-13.283872 2560 2560
-13.143302 2560 2560
-13.002732 2560 2560
-12.862162 2560 2560
-12.721592 2560 2560
-12.581022 2560 2560
-12.440452 2560 2560
-12.299882 2560 2560
-12.159312 2560 2560
-12.018742 2560 2560
-11.878172 2560 2560
-11.737602 2560 2560
-11.597032 2560 2560
-11.456461 2560 2560
-11.315891 2560 2560
-11.175321 2560 2560
-11.034751 2560 2560
-10.894181 2560 2560
-10.753611 2560 2560
-10.613041 2560 2560
-10.472471 2560 2560
-10.331901 2560 2560
-10.191331 2560 2560
-10.050761 2560 2560
-9.910191 2560 2560
-9.76962 2560 2560
-9.62905 2560 2560
-9.48848 2560 2560
-9.34791 2560 2560
-9.20734 2560 2560
-9.06677 2560 2560
-8.9262 2560 2560
-8.78563 2560 2560
-8.64506 2560 2560
-8.50449 2560 2560
-8.36392 2560 2560
-8.22335 2560 2560
-8.08278 2560 2560
-7.942209 2560 2560
-7.801639 2560 2560
-7.661069 2560 2560
-7.520499 2560 2560
-7.379929 2560 2560
-7.239359 2560 2560
-7.098789 2560 2560
-6.958219 2560 2560
-6.817649 2560 2560
-6.677079 2560 2560
-6.536509 2560 2560
-6.395939 2560 2560
-6.255369 2560 2560
-6.114798 2560 2560
-5.974228 2560 2560
-5.833658 2560 2560
-5.693088 2560 2560
-5.552518 2560 2560
-5.411948 2560 2560
-5.271378 2560 2560
-5.130808 2560 2560
-4.990238 2560 2560
-4.849668 2560 2560
-4.709098 2560 2560
-4.568528 2560 2560
-4.427957 2560 2560
-4.287387 2560 2560
-4.146817 2560 2560
-4.006247 2560 2560
-3.865677 2560 2560
-3.725107 2560 2560
-3.584537 2560 2560
-3.443967 2560 2560
-3.303397 2560 2560
-3.162827 2560 2560
-3.022257 2560 2560
-2.881687 2560 2560
-2.741117 2560 2560
-2.600546 2560 2560
-2.459976 2560 2560
-2.319406 2560 2560
-2.178836 2560 2560
-2.038266 2560 2560
-1.897696 2560 2560
-1.757126 2560 2560
-1.616556 2560 2560
-1.475986 2560 2560
-1.335416 2560 2560
-1.194846 2560 2560
-1.054276 2560 2560
-0.913706 2560 2560
-0.773135 2560 2560
-0.632565 2560 2560
-0.491995 2560 2560
-0.351425 2560 2560
-0.210855 2560 2560
-0.070285 2560 2560
0.070285 2560 2560
0.210855 2560 2560
0.351425 2560 2560
0.491995 2560 2560
0.632565 2560 2560
0.773135 2560 2560
0.913706 2560 2560
1.054276 2560 2560
1.194846 2560 2560
1.335416 2560 2560
1.475986 2560 2560
1.616556 2560 2560
1.757126 2560 2560
1.897696 2560 2560
2.038266 2560 2560
2.178836 2560 2560
2.319406 2560 2560
2.459976 2560 2560
2.600546 2560 2560
2.741117 2560 2560
2.881687 2560 2560
3.022257 2560 2560
3.162827 2560 2560
3.303397 2560 2560
3.443967 2560 2560
3.584537 2560 2560
3.725107 2560 2560
3.865677 2560 2560
4.006247 2560 2560
4.146817 2560 2560
4.287387 2560 2560
4.427957 2560 2560
4.568528 2560 2560
4.709098 2560 2560
4.849668 2560 2560
4.990238 2560 2560
5.130808 2560 2560
5.271378 2560 2560
5.411948 2560 2560
5.552518 2560 2560
5.693088 2560 2560
5.833658 2560 2560
5.974228 2560 2560
6.114798 2560 2560
6.255369 2560 2560
6.395939 2560 2560
6.536509 2560 2560
6.677079 2560 2560
6.817649 2560 2560
6.958219 2560 2560
7.098789 2560 2560
7.239359 2560 2560
7.379929 2560 2560
7.520499 2560 2560
7.661069 2560 2560
7.801639 2560 2560
7.942209 2560 2560
8.08278 2560 2560
8.22335 2560 2560
8.36392 2560 2560
8.50449 2560 2560
8.64506 2560 2560
8.78563 2560 2560
8.9262 2560 2560
9.06677 2560 2560
9.20734 2560 2560
9.34791 2560 2560
9.48848 2560 2560
9.62905 2560 2560
9.76962 2560 2560
9.910191 2560 2560
10.050761 2560 2560
10.191331 2560 2560
10.331901 2560 2560
10.472471 2560 2560
10.613041 2560 2560
10.753611 2560 2560
10.894181 2560 2560
11.034751 2560 2560
11.175321 2560 2560
11.315891 2560 2560
11.456461 2560 2560
11.597032 2560 2560
11.737602 2560 2560
11.878172 2560 2560
12.018742 2560 2560
12.159312 2560 2560
12.299882 2560 2560
12.440452 2560 2560
12.581022 2560 2560
12.721592 2560 2560
12.862162 2560 2560
13.002732 2560 2560
13.143302 2560 2560
13.283872 2560 2560
13.424443 2560 2560
13.565013 2560 2560
13.705583 2560 2560
13.846153 2560 2560
13.986723 2560 2560
14.127293 2560 2500
14.267863 2560 2500
14.408433 2560 2500
14.549003 2560 2500
14.689573 2560 2500
14.830143 2560 2500
14.970713 2560 2500
15.111283 2560 2500
15.251854 2560 2500
15.392424 2560 2500
15.532994 2560 2500
15.673564 2560 2500
15.814134 2560 2500
15.954704 2560 2500
16.095274 2560 2500
16.235844 2560 2500
16.376414 2560 2500
16.516984 2560 2500
16.657554 2560 2500
16.798124 2560 2500
16.938694 2560 2500
17.079265 2560 2500
17.219835 2560 2500
17.360405 2560 2500
17.500975 2560 2500
17.641545 2560 2500
17.782115 2560 2500
17.922685 2560 2500
18.063255 2560 2500
18.203825 2560 2500
18.344395 2560 2500
18.484965 2560 2500
18.625535 2560 2500
18.766106 2560 2500
18.906676 2560 2500
19.047246 2560 2500
19.187816 2560 2500
19.328386 2560 2500
19.468956 2560 2500
19.609526 2560 2500
19.750096 2560 2500
19.890666 2560 2430
20.031236 2560 2430
20.171806 2560 2430
20.312376 2560 2430
20.452946 2560 2430
20.593517 2560 2430
20.734087 2560 2430
20.874657 2560 2430
21.015227 2560 2430
21.155797 2560 2430
21.296367 2560 2430
21.436937 2560 2430
21.577507 2560 2430
21.718077 2560 2430
21.858647 2560 2400
21.999217 2560 2400
22.139787 2560 2400
22.280357 2560 2400
22.420928 2560 2400
22.561498 2560 2400
22.702068 2560 2400
22.842638 2560 2400
22.983208 2560 2400
23.123778 2560 2400
23.264348 2560 2400
23.404918 2560 2400
23.545488 2560 2400
23.686058 2560 2400
23.826628 2560 2400
23.967198 2560 2400
24.107768 2560 2400
24.248339 2560 2400
24.388909 2560 2400
24.529479 2560 2400
24.670049 2560 2400
24.810619 2560 2400
24.951189 2560 2400
25.091759 2560 2400
25.232329 2560 2400
25.372899 2560 2400
25.513469 2560 2400
25.654039 2560 2400
25.794609 2560 2400
25.935179 2560 2400
26.07575 2560 2400
26.21632 2560 2400
26.35689 2560 2400
26.49746 2560 2400
26.63803 2560 2400
26.7786 2560 2400
26.91917 2560 2400
27.05974 2560 2304
27.20031 2560 2304
27.34088 2560 2304
27.48145 2560 2304
27.62202 2560 2304
27.76259 2560 2304
27.903161 2560 2304
28.043731 2560 2304
28.184301 2560 2304
28.324871 2560 2304
28.465441 2560 2304
28.606011 2560 2304
28.746581 2560 2304
28.887151 2560 2304
29.027721 2560 2304
29.168291 2560 2304
29.308861 2560 2304
29.449431 2560 2304
29.590001 2560 2250
29.730572 2560 2250
29.871142 2560 2250
30.011712 2560 2250
30.152282 2560 2250
30.292852 2560 2250
30.433422 2560 2250
30.573992 2560 2250
30.714562 2560 2250
30.855132 2560 2250
30.995702 2560 2250
31.136272 2560 2250
31.276842 2560 2250
31.417412 2560 2250
31.557982 2560 2250
31.698553 2560 2250
31.839123 2560 2250
31.979693 2560 2250
32.120263 2560 2250
32.260833 2560 2250
32.401403 2560 2187
32.541973 2560 2187
32.682543 2560 2187
32.823113 2560 2187
32.963683 2560 2187
33.104253 2560 2187
33.244823 2560 2187
33.385393 2560 2187
33.525964 2560 2160
33.666534 2560 2160
33.807104 2560 2160
33.947674 2560 2160
34.088244 2560 2160
34.228814 2560 2160
34.369384 2560 2160
34.509954 2560 2160
34.650524 2560 2160
34.791094 2560 2160
34.931664 2560 2160
35.072234 2560 2160
35.212804 2560 2160
35.353374 2560 2160
35.493945 2560 2160
35.634515 2560 2160
35.775085 2560 2160
35.915655 2560 2160
36.056225 2560 2160
36.196795 2560 2160
36.337365 2560 2160
36.477935 2560 2160
36.618505 2560 2160
36.759075 2560 2160
36.899645 2560 2160
37.040215 2560 2160
37.180785 2560 2160
37.321356 2560 2160
37.461926 2560 2160
37.602496 2560 2160
37.743066 2560 2048
37.883636 2560 2048
38.024206 2560 2048
38.164776 2560 2048
38.305346 2560 2048
38.445916 2560 2048
38.586486 2560 2048
38.727056 2560 2025
38.867626 2560 2025
39.008196 2560 2025
39.148766 2560 2025
39.289337 2560 2025
39.429907 2560 2025
39.570477 2560 2000
39.711047 2560 2000
39.851617 2560 2000
39.992187 2560 2000
40.132757 2560 2000
40.273327 2560 2000
40.413897 2560 2000
40.554467 2560 2000
40.695037 2560 2000
40.835607 2560 2000
40.976177 2560 2000
41.116747 2560 2000
41.257318 2560 2000
41.397888 2560 2000
41.538458 2560 1944
41.679028 2560 1944
41.819598 2560 1944
41.960168 2560 1944
42.100738 2560 1944
42.241308 2560 1920
42.381878 2560 1920
42.522448 2560 1920
42.663018 2560 1920
42.803588 2560 1920
42.944158 2560 1920
43.084728 2560 1920
43.225299 2560 1920
43.365869 2560 1920
43.506439 2560 1920
43.647009 2560 1920
43.787579 2560 1875
43.928149 2560 1875
44.068719 2560 1875
44.209289 2560 1875
44.349859 2560 1875
44.490429 2560 1875
44.630999 2560 1875
44.771569 2560 1875
44.912139 2560 1875
45.052709 2560 1875
45.193279 2560 1875
45.33385 2560 1875
45.47442 2560 1875
45.61499 2560 1875
45.75556 2560 1875
45.89613 2560 1875
46.0367 2560 1875
46.17727 2560 1800
46.31784 2560 1800
46.45841 2560 1800
46.59898 2560 1800
46.73955 2560 1800
46.88012 2560 1800
47.02069 2560 1800
47.16126 2560 1800
47.30183 2560 1800
47.442401 2560 1800
47.582971 2560 1800
47.723541 2560 1800
47.864111 2560 1800
48.004681 2560 1800
48.145251 2560 1800
48.285821 2560 1728
48.426391 2560 1728
48.566961 2560 1728
48.707531 2560 1728
48.848101 2560 1728
48.988671 2560 1728
49.129241 2560 1728
49.269811 2560 1728
49.410381 2560 1728
49.550952 2560 1728
49.691522 2560 1728
49.832092 2560 1728
49.972662 2560 1728
50.113232 2560 1728
50.253802 2560 1728
50.394372 2560 1728
50.534942 2560 1728
50.675512 2560 1728
50.816082 2560 1728
50.956652 2560 1728
51.097222 2560 1728
51.237792 2560 1728
51.378362 2560 1728
51.518932 2560 1620
51.659502 2560 1620
51.800073 2560 1620
51.940643 2560 1600
52.081213 2560 1600
52.221783 2560 1600
52.362353 2560 1600
52.502923 2560 1600
52.643493 2560 1600
52.784063 2560 1600
52.924633 2560 1600
53.065203 2560 1600
53.205773 2560 1600
53.346343 2560 1600
53.486913 2560 1600
53.627483 2560 1600
53.768053 2560 1536
53.908623 2560 1536
54.049194 2560 1536
54.189764 2560 1536
54.330334 2560 1536
54.470904 2560 1536
54.611474 2560 1536
54.752044 2560 1500
54.892614 2560 1500
55.033184 2560 1500
55.173754 2560 1500
55.314324 2560 1500
55.454894 2560 1500
55.595464 2560 1500
55.736034 2560 1500
55.876604 2560 1458
56.017174 2560 1458
56.157744 2560 1458
56.298314 2560 1458
56.438884 2560 1440
56.579455 2560 1440
56.720025 2560 1440
56.860595 2560 1440
57.001165 2560 1440
57.141735 2560 1440
57.282305 2560 1440
57.422875 2560 1440
57.563445 2560 1440
57.704015 2560 1440
57.844585 2560 1440
57.985155 2560 1440
58.125725 2560 1440
58.266295 2560 1440
58.406865 2560 1440
58.547435 2560 1440
58.688005 2560 1440
58.828575 2560 1350
58.969145 2560 1350
59.109715 2560 1350
59.250286 2560 1350
59.390856 2560 1350
59.531426 2560 1350
59.671996 2560 1350
59.812566 2560 1350
59.953136 2560 1350
60.093706 2560 1350
60.234276 2560 1296
60.374846 2560 1296
60.515416 2560 1280
60.655986 2560 1280
60.796556 2560 1280
60.937126 2560 1280
61.077696 2560 1280
61.218266 2560 1280
61.358836 2560 1280
61.499406 2560 1280
61.639976 2560 1280
61.780546 2560 1280
61.921116 2560 1280
62.061686 2560 1280
62.202256 2560 1215
62.342826 2560 1215
62.483397 2560 1215
62.623967 2560 1200
62.764537 2560 1200
62.905107 2560 1200
63.045677 2560 1200
63.186247 2560 1200
63.326817 2560 1200
63.467387 2560 1200
63.607957 2560 1200
63.748527 2560 1152
63.889097 2560 1152
64.029667 2560 1152
64.170237 2560 1152
64.310807 2560 1152
64.451377 2560 1125
64.591947 2560 1125
64.732517 2560 1125
64.873087 2560 1125
65.013657 2560 1125
65.154227 2560 1125
65.294797 2560 1125
65.435367 2560 1125
65.575937 2560 1080
65.716507 2560 1080
65.857077 2560 1080
65.997647 2560 1080
66.138217 2560 1080
66.278787 2560 1080
66.419357 2560 1080
66.559927 2560 1080
66.700497 2560 1080
66.841067 2560 1024
66.981638 2560 1024
67.122208 2560 1024
67.262778 2560 1024
67.403348 2560 1000
67.543918 2560 1000
67.684488 2560 1000
67.825058 2560 1000
67.965628 2560 1000
68.106198 2560 972
68.246768 2560 972
68.387338 2560 960
68.527908 2560 960
68.668478 2560 960
68.809048 2560 960
68.949618 2560 960
69.090188 2560 960
69.230758 2560 960
69.371328 2560 960
69.511898 2560 960
69.652468 2560 960
69.793038 2560 960
69.933608 2560 900
70.074178 2560 900
70.214748 2560 900
70.355318 2560 900
70.495888 2560 900
70.636458 2560 900
70.777028 2560 864
70.917598 2560 864
71.058168 2560 864
71.198738 2560 864
71.339308 2560 864
71.479878 2560 864
71.620448 2560 864
71.761018 2560 864
71.901588 2560 810
72.042158 2560 810
72.182728 2560 800
72.323298 2560 800
72.463867 2560 800
72.604437 2560 800
72.745007 2560 800
72.885577 2560 768
73.026147 2560 768
73.166717 2560 768
73.307287 2560 750
73.447857 2560 750
73.588427 2560 750
73.728997 2560 750
73.869567 2560 729
74.010137 2560 720
74.150707 2560 720
74.291277 2560 720
74.431847 2560 720
74.572417 2560 720
74.712987 2560 720
74.853557 2560 720
74.994127 2560 720
75.134697 2560 675
75.275266 2560 675
75.415836 2560 675
75.556406 2560 675
75.696976 2560 648
75.837546 2560 640
75.978116 2560 640
76.118686 2560 640
76.259256 2560 640
76.399826 2560 640
76.540396 2560 640
76.680966 2560 640
76.821535 2560 600
76.962105 2560 600
77.102675 2560 600
77.243245 2560 600
77.383815 2560 576
77.524385 2560 576
77.664955 2560 576
77.805524 2560 576
77.946094 2560 576
78.086664 2560 540
78.227234 2560 540
78.367804 2560 540
78.508374 2560 540
78.648943 2560 540
78.789513 2560 512
78.930083 2560 512
79.070653 2560 500
79.211223 2560 500
79.351792 2560 486
79.492362 2560 480
79.632932 2560 480
79.773502 2560 480
79.914072 2560 480
80.054641 2560 480
80.195211 2560 450
80.335781 2560 450
80.47635 2560 450
80.61692 2560 432
80.75749 2560 432
80.898059 2560 432
81.038629 2560 432
81.179199 2560 400
81.319768 2560 400
81.460338 2560 400
81.600908 2560 384
81.741477 2560 384
81.882047 2560 375
82.022616 2560 375
82.163186 2560 360
82.303755 2560 360
82.444325 2560 360
82.584894 2560 360
82.725464 2560 360
82.866033 2560 360
83.006602 2560 320
83.147172 2560 320
83.287741 2560 320
83.42831 2560 300
83.56888 2560 300
83.709449 2560 288
83.850018 2560 288
83.990587 2560 288
84.131156 2560 270
84.271725 2560 270
84.412294 2560 256
84.552863 2560 250
84.693432 2560 243
84.834001 2560 240
84.97457 2560 240
85.115138 2560 225
85.255707 2560 216
85.396275 2560 216
85.536844 2560 216
85.677412 2560 200
85.81798 2560 192
85.958548 2560 192
86.099116 2560 180
86.239684 2560 180
86.380251 2560 180
86.520818 2560 160
86.661385 2560 160
86.801952 2560 150
86.942519 2560 144
87.083085 2560 135
87.223651 2560 125
87.364216 2560 120
87.504781 2560 120
87.645345 2560 108
87.785908 2560 100
87.926471 2560 96
88.067032 2560 90
88.207592 2560 90
88.34815 2560 81
88.488706 2560 75
88.629259 2560 72
88.769808 2560 72
88.910352 2560 60
89.050889 2560 60
89.191413 2560 50
89.331918 2560 45
89.47239 2560 40
89.61279 2560 32
89.753005 2560 25
89.892396 2560 18
